8.701499998569488525e-01 3.619663147970701624e-03 6.110053861097325336e-05
8.880999982357025146e-01 3.626341919942024841e-03 5.634361838940845886e-05
9.070000052452087402e-01 3.677610397466868006e-03 4.582138651326578396e-05
9.254499971866607666e-01 3.638169960025923466e-03 4.489704481831391668e-05
9.444000124931335449e-01 3.623970647777681117e-03 4.145596581561087273e-05
9.642499983310699463e-01 3.650524597398216876e-03 3.635241093830333768e-05
9.841500222682952881e-01 3.709027032759281989e-03 3.350672560120703577e-05
1.004949986934661865e+00 3.611694129597638105e-03 3.088978642606064751e-05
1.025849997997283936e+00 3.621421408808785970e-03 2.963720537910452885e-05
1.047649979591369629e+00 3.593440513047261621e-03 2.863144947015644454e-05
1.069499969482421875e+00 3.635949954736070883e-03 2.651300447609454224e-05
1.091799974441528320e+00 3.645620581168772419e-03 2.525114359586910515e-05
1.114600002765655518e+00 3.713352469450757407e-03 2.453758289665546556e-05
1.137399971485137939e+00 3.672595746575621489e-03 2.458309065033705465e-05
1.161150038242340088e+00 3.657924386118974799e-03 2.433239485439413918e-05
1.184949994087219238e+00 3.664517773942521130e-03 2.246447919722722130e-05
1.209650039672851562e+00 3.665529499134493555e-03 2.186649877201689659e-05
1.234400033950805664e+00 3.624020440766047291e-03 2.218852639602647726e-05
1.260600030422210693e+00 3.662164325596601634e-03 2.123946791102474676e-05
1.287249982357025146e+00 3.646075295767945649e-03 2.092139484622873645e-05
1.313950002193450928e+00 3.670997170301339065e-03 2.121125085995420912e-05
1.341549992561340332e+00 3.661032293293441445e-03 2.118568494898555535e-05
1.369249999523162842e+00 3.717444507437332908e-03 2.101527739083185298e-05
1.397849977016448975e+00 3.693320911382601702e-03 2.084699479999742696e-05
1.426950037479400635e+00 3.723593672930520636e-03 2.144961178474015769e-05
1.456550002098083496e+00 3.675347289810120162e-03 2.097996539998883583e-05
1.487050056457519531e+00 3.725272908734501235e-03 2.170633576205610317e-05
1.517650008201599121e+00 3.670913781785665759e-03 2.116176622812777013e-05
1.549650013446807861e+00 3.641911134648951991e-03 1.963436537159766757e-05
1.582149982452392578e+00 3.655504811997044648e-03 1.925295110971155568e-05
1.615149974822998047e+00 3.608919506162893646e-03 1.823184105605880477e-05
1.649550020694732666e+00 3.652039760873480260e-03 1.923966752835332597e-05
1.684000015258789062e+00 3.636400613532973260e-03 1.974457482825052310e-05
1.718900024890899658e+00 3.615079633579964744e-03 2.025513292969790408e-05
1.754299998283386230e+00 3.631417646868243931e-03 2.059737356820341261e-05
1.791149973869323730e+00 3.693403442559053257e-03 2.125429002304366356e-05
1.828550040721893311e+00 3.705527819093576078e-03 2.283085554910987608e-05
1.867299973964691162e+00 3.694422017825818669e-03 2.412814807786030688e-05
1.907100021839141846e+00 3.667538154601725654e-03 2.405976350756733789e-05
1.946399986743927002e+00 3.647133850120181167e-03 2.519864555967433586e-05
1.987150013446807861e+00 3.687151558500305955e-03 2.466097003075705496e-05
2.028799951076507568e+00 3.644155952903788912e-03 2.550859353504226183e-05
2.071500062942504883e+00 3.609379103358273562e-03 2.524352939516895324e-05
2.115149974822998047e+00 3.632315358442735238e-03 2.530083041677827789e-05
2.159299969673156738e+00 3.662757633122958132e-03 2.602658374422507813e-05
2.203899979591369629e+00 3.633036292264008212e-03 2.684545953496645680e-05
2.249499917030334473e+00 3.675723461066452043e-03 2.800703519464073138e-05
2.296050071716308594e+00 3.657907757364243975e-03 2.896319479490621547e-05
2.343599915504455566e+00 3.633577585252852939e-03 3.701280535245344454e-05
2.392099976539611816e+00 3.625374271225846688e-03 3.423920535130759531e-05
2.441549897193908691e+00 3.667701280748053051e-03 3.738521631146423963e-05
2.491999983787536621e+00 3.667235979845175943e-03 4.299518049629985644e-05
2.544849991798400879e+00 3.691580350392116225e-03 4.671597923641218836e-05
2.598249912261962891e+00 3.694434814596811792e-03 4.603535694124332898e-05
2.652549982070922852e+00 3.763077103478785091e-03 4.629563821037483719e-05
2.707799911499023438e+00 3.693661778588823181e-03 3.799957604059256547e-05
2.808700084686279297e+00 3.656086498491536909e-03 5.052181391716642511e-05
2.8999331658355456	0.0036930811488128045	2.8292854166902203e-05
2.929317015751757	0.003670919737673637	2.747662846498486e-05
2.959365371076067	0.0036773611450952423	2.5442432238293654e-05
2.989402714556962	0.0036791073754311697	2.5583977355089284e-05
3.020103099468739	0.0036571079500689967	2.542758806430175e-05
3.0507915268512606	0.0037032944645956794	2.6079434996756727e-05
3.0821416645617616	0.0036722611860185244	2.5328652559120515e-05
3.1134788615148867	0.0036754175025106085	2.508859282415152e-05
3.1454762707724893	0.003618205077331427	2.458741163600033e-05
3.1774597176231136	0.003666693938795545	2.3737967963655064e-05
3.2101017843801443	0.0036344996297419862	2.372855608616649e-05
3.2427289147544474	0.003662930339358939	2.3732604577860854e-05
3.276012928708563	0.003663772868557264	2.2526249250024446e-05
3.3092808967586578	0.003707963475992761	2.19330704398515e-05
3.3432039452090407	0.00372048449819244	2.2297879035016045e-05
3.3771097549492177	0.003680851118763574	2.267469769510365e-05
3.4116688091681695	0.0036681445439853333	2.2125063209836178e-05
3.4462093658293522	0.003629575399067785	2.2047203005664278e-05
3.481401165503288	0.0036769810686482084	2.2321381163099512e-05
3.516907904221269	0.003686895459572388	2.263404817436649e-05
3.552728927798235	0.003665801824677375	2.2986647790813002e-05
3.589197670077426	0.0036500624273855665	2.2642102293752503e-05
3.625644146427389	0.003686621690768238	2.258352576517695e-05
3.662735889918561	0.0036398495602489723	2.269125328062987e-05
3.699803763832114	0.0036599609307695017	2.2870705719066714e-05
3.8145244414644766	0.0035802515508361736	4.765560458498161e-05
3.853487748801559	0.0036316374647482256	2.3827361020574716e-05
3.8927546482537365	0.0036317083524193532	2.3740161299816182e-05
3.9323244750655553	0.00364687140230542	2.408446310197783e-05
3.9725277592455277	0.003647016451510616	2.4648032084826683e-05
4.013030306861117	0.0036848269101055803	2.4968498625107172e-05
4.053831252787916	0.003552890674761862	2.5796583185740932e-05
4.095259994087574	0.003660085690885834	2.625653557725637e-05
4.136982925414685	0.00360957952198003	2.624853819887299e-05
4.178999047996125	0.0036427876363816234	2.6472207360700815e-05
4.221966712467044	0.0036301393542572356	2.6746406650887806e-05
4.265222910050269	0.0036991296318170204	2.729376076873639e-05
4.308435548015488	0.0036971265599182925	2.8972599706725394e-05
4.352591809510541	0.0037066884174305555	2.953920059660536e-05
4.397029759810084	0.0036569669668217388	3.104124371802663e-05
4.441747043593841	0.003603940264591757	3.2134986056269054e-05
4.487069472129818	0.003612318550593616	3.4332430685994805e-05
4.5326662915193925	0.0036480544591094444	3.672642762091695e-05
4.579189063555512	0.0036338760893709276	3.7734101937076606e-05
4.625979415020307	0.0037575877344478616	3.785736927844611e-05
4.6730335704734545	0.003703532647325469	3.698118041372224e-05
4.720675102064481	0.0036394566924393924	3.89980492442356e-05
4.768574118162514	0.00363364991079229	3.9425777176808324e-05
4.817376816585018	0.0036177502313992733	4.006841161209735e-05
4.866751915222894	0.0036612817706860854	3.975910917991762e-05
4.916694820345361	0.00366945047902083	4.005443213631721e-05
4.967198672979835	0.003683867775635138	4.123554878751817e-05
5.017935905838386	0.0036863202483944923	4.474649719231492e-05
5.06893869119593	0.003638474338472664	4.4209008789983996e-05
5.120369321062926	0.0036625833099184673	1.4583681414121137e-05
